169298432598474793
169298432598474839
169298432598999195
169298432598999215
169298432599524118
169298432600047631
169298432600047659
169298432600047687
169298432600571915
169298432601096247
169298432601096284
169298432601096457
169298432601620737
169298432602144832
169298432602669353
169298432602669564
169298432602669582
169298432603193359
169298432603193361
169298432603193367
169298432603193372
169298432603193382
169298432603193388
169298432603193396
169298432603193401
169298432603193405
169298432603193436
169298432603193446
169298432604241923
169298432604241924
169298432604241943
169298432604242058
169298432604766223
169298432604766230
169298432604766255
169298432604766256
169298432604766262
169298432604766267
169298432605290560
169298432605290576
169298432605814810
169298432605814874
169298432605814947
169298432606339129
169298432606339355
169298432606339435
169298432606339468
169298432608436387
169298432608961411
169298432610533479
169298432610533558
169298432612106248
169298432612106262
169298432612106303
169298432612106524
169298432612106614
169298432612630565
169298432613679106
169298432613679115
169298432613679126
169298432613679149
169298432613679160
169298432614203395
169298432614203423
169298432614727752
169298432615252003
169298432615252010
169298432615252042
169298432615252047
169298432615776297
169298432615776340
169298432616824874
169298432617349170
169298432617349172
169298432618397729
169298432618921989
169298432618922015
169298432621019290
169298432621019382
169298432621019390
169298432621543455
169298432622068178
169298432622068181
169298432622592019
169298432622592030
169298432622592035
169298432622592041
169298432622592043
169298432623116306
169298432623116308
169298432623116318
169298432623640593
169298432623640604
169298432624164871
169298432624164876
169298432624164899
169298432624689453
169298432625213497
169298432625213516
169298432625737974
169298432625737994
169298432626262032
169298432626262067
169298432626786323
169298432627310934
169298432627834945
169298432627834966
169298432627834988
169298432628359523
169298432628883603
169298432628883660
169298432636223492
169298432639893512
169298432645136385
169298432645136421
169298432645136437
169298432645136566
169298432645136568
169298432645660681
169298432645660683
169298432645660702
169298432645660709
169298432645660723
169298432653524993
169298432732692593
169298432733216891
169298432734265354
169298432734265372
169298432734265405
169298432734789702
169298432735838221
169298432735838225
169298432735838261
169298432735838263
169298432736886981
169298432737411096
169298432737411120
169298432737411129
169298432737936004
169298432738459657
169298432738983938
169298432738983950
169298432739508270
169298432740032523
169298432740032557
169298432740032650
169298432740556837
169298432740556850
169298432741081098
169298432741081107
169298432741081162
169298432741081334
169298432742653968
169298432743178253
169298432743178278
169298432743702659
169298432743702743
169298432744226983
169298432744751139
169298432745275576
169298432747897181
169298432747897286
169298432749994009
169298432749994035
169298432751566850
169298432752615649
169298432753139746
169298432753139756
169298432755761170
169298432755761177
169298432755761181
169298432755761184
169298432756285800
169298432756809737
169298432759955486
169298432760479772
169298432761004517
169298432762576981
169298432762577227
169298432764674085
169298432765198435
169298432766247034
169298432766247039
169298432766771490
169298432768344178
169298432768344287
169298432768344296
169298432769916950
169298432771489814
169298432771489830
169298432771489846
169298432771489853
169298432772014090
169298432772538445
169298432772538505
169298432772538728
169298432772538786
169298432774111247
169298432774111263
169298432775684103
169298432776208386
169298432776208452
169298432776208481
169298432777781323
169298432778830334
169298432790888484
169298432807665680
169298432807665685
169298432867959172
169298432867959224
169298432868483085
169298432868483139
169298432868483165
169298432868483169
169298432870055941
169298432870055954
169298432870580249
169298432870580707
169298432870580708
169298432871104624
169298432871104635
169298432871104640
169298432871628995
169298432872153113
169298432872677386
169298432872677429
169298432872677573
169298432873725956
169298432873725964
169298432873725972
169298432873725974
169298432873725978
169298432874250251
169298432874250262
169298432874774798
169298432874774900
169298432875298885
169298432876871693
169298432876871712
169298432877395980
169298432877395982
169298432877920396
169298432878444553
169298432878444585
169298432878444660
169298432878969026
169298432878969103
169298432879493163
169298432879493201
169298432879493365
169298432887357447
169298432889454622
169298432889978886
169298432889978889
169298432889978892
169298432889978912
169298432890503195
169298432891027460
169298432892076057
169298432892076071
169298432893648919
169298432893648936
169298432894173240
169298432894173247
169298432894697728
169298432894697738
169298432895221807
169298432895746058
169298432895746065
169298432895746076
169298432896270361
169298432900464695
169298432900464699
169298432900464718
169298432902037520
169298432902037538
169298432902037576
169298432902561859
169298432902561947
169298432903086095
169298432923533321
169298432924581889
169298432926679612
169298432947126275
169298432947126296
169298432947126392
169298433004274458
169298433007943923
169298433007943969
169298433007943970
169298433012662292
169298433012662308
169298433012662328
169298433012662359
169298433013186943
169298433018429568
169298433018954372
169298433019478364
169298433019478408
169298433020526615
169298433020526641
169298433021050888
169298433021575173
169298433021575189
169298433021575207
169298433021575226
169298433022099470
169298433022099601
169298433023148048
169298433023148075
169298433023148080
169298433023148090
169298433023672332
169298433023672338
169298433024196665
169298433024720947
169298433025245185
169298433026818049
169298433026818067
169298433026818070
169298433026818088
169298433026818096
169298433028390920
169298433028390931
169298433028390948
169298433028390955
169298433028390956
169298433028915616
169298433030488070
169298433030488080
169298433030488097
169298433030488101
169298433030488110
169298433034682812
169298433034682882
169298433038876830
169298433039401345
169298433039925421
169298433043595343
169298433044119587
169298433045168129
169298433046216748
169298433046216771
169298433046216772
169298433047265354
169298433047789598
169298433049886763
169298433049886782
169298433050935403
169298433051459604
169298433060896769
169298433060896770
169298433060896773
169298433060896775
169298433060896778
169298433060896787
169298433060896980
169298433060896981
169298433074528272
169298433074528302
169298433074528360
169298433089208366
169298433089208373
169298433089732609
169298433090256897
169298433137968428
169298433137968735
169298433138491919
169298433138491987
169298433138491993
169298433138492089
169298433138492092
169298433138492115
169298433138492116
169298433140589515
169298433140589572
169298433140589577
169298433140589691
169298433140589693
169298433140589700
169298433140589707
169298433142161409
169298433142161425
169298433142161439
169298433142161526
169298433142161597
169298433142685729
169298433142686548
169298433142686802
169298433142686815
169298433142686820
169298433142686821
169298433143210380
169298433143210388
169298433143210479
169298433143210599
169298433145308156
169298433145308298
169298433145308326
169298433145308332
169298433145308351
169298433146880005
169298433146880008
169298433146880019
169298433146880020
169298433146880030
169298433146880039
169298433146880040
169298433146880041
169298433146880044
169298433146880053
169298433146880063
169298433146880065
169298433146880066
169298433146880067
169298433146880078
169298433146880083
169298433146880096
169298433146880098
169298433146880127
169298433146880128
169298433147404670
169298433147404791
169298433147404907
169298433147404970
169298433147405028
169298433147405035
169298433147405036
169298433147405043
169298433147405046
169298433147405048
169298433151075122
169298433151075127
169298433151075128
169298433152647178
169298433152647273
169298433152647317
169298433152647348
169298433152647432
169298433153171617
169298433153171774
169298433153171775
169298433153171784
169298433153171792
169298433153695914
169298433153695923
169298433153695929
169298433154220033
169298433154220034
169298433154220035
169298433154220042
169298433154220050
169298433154220056
169298433154220059
169298433154220061
169298433154220062
169298433154220065
169298433154220072
169298433154220085
169298433154220109
169298433154744325
169298433154744343
169298433154744351
169298433154744359
169298433154744387
169298433155268609
169298433155268621
169298433155268630
169298433155268632
169298433155268641
169298433155268648
169298433155268652
169298433155268665
169298433155268671
169298433155268683
169298433155792904
169298433155792910
169298433155792911
169298433155792912
169298433155792920
169298433155792922
169298433155792926
169298433155792932
169298433155792938
169298433155792942
169298433155792958
169298433155792967
169298433156317185
169298433156317217
169298433156317305
169298433156317309
169298433156841483
169298433156841501
169298433156841524
169298433157365763
169298433157365771
169298433157365784
169298433157365787
169298433157365797
169298433157365798
169298433157365799
169298433157365800
169298433157365801
169298433157365803
169298433157365816
169298433157365826
169298433157365827
169298433157365830
169298433157365833
169298433157890049
169298433157890054
169298433157890056
169298433157890146
169298433157890255
169298433158414362
169298433158414364
169298433158414413
169298433158414479
169298433158938626
169298433158938639
169298433158938653
169298433158938671
169298433158938674
169298433159463098
169298433159463101
169298433159463142
169298433159463143
169298433159463180
169298433159987210
169298433159987356
169298433159987359
169298433159987530
169298433159987573
169298433160511507
169298433160511508
169298433160511513
169298433160511714
169298433160511721
169298433161035865
169298433161035870
169298433161035875
169298433161035888
169298433161035897
169298433161035902
169298433161035911
169298433161560316
169298433161560323
169298433161560337
169298433161560341
169298433161560347
169298433162084362
169298433162084364
169298433162084387
169298433162084413
169298433162084658
169298433162084779
169298433162608641
169298433162608711
169298433162608878
169298433162608892
169298433162609056
169298433162609139
169298433162609142
169298433162609161
169298433163132932
169298433163132935
169298433163132937
169298433163132942
169298433163132948
169298433163132950
169298433163132951
169298433163132954
169298433163132955
169298433163132968
169298433163132973
169298433163132991
169298433163133011
169298433163133044
169298433163133064
169298433163133142
169298433163133156
169298433163133212
169298433163133227
169298433163133236
169298433163133252
169298433163133254
169298433163133255
169298433163657490
169298433163657552
169298433163657695
169298433163657699
169298433163657726
169298433163657818
169298433163657841
169298433164181511
169298433164181530
169298433164181554
169298433164181732
169298433164181753
169298433164181836
169298433164705796
169298433164705799
169298433164705800
169298433164705802
169298433164705803
169298433164705807
169298433164705811
169298433164705815
169298433164705816
169298433164705817
169298433164705818
169298433164705819
169298433164705821
169298433164705839
169298433164705840
169298433164705841
169298433164705879
169298433164705883
169298433165230386
169298433165754381
169298433165754389
169298433165754434
169298433165754477
169298433165754478
169298433166278669
169298433166279019
169298433166279312
169298433170473144
169298433170473177
169298433170473214
169298433170473255
169298433170473259
169298433170473263
169298433170473266
169298433170473283
169298433170473295
169298433170473302
169298433170473340
169298433172046965
169298433172570529
169298433173094401
169298433173094406
169298433173094411
169298433173094432
169298433173094435
169298433173094442
169298433173094445
169298433173094459
169298433173094460
169298433173094477
169298433173618724
169298433173618816
169298433174142977
169298433174142984
169298433174142988
169298433174142992
169298433174143005
169298433174143009
169298433174143013
169298433174143015
169298433174143046
169298433174667272
169298433174667295
169298433174667298
169298433174667314
169298433175191561
169298433175191602
169298433175192079
169298433175715849
169298433175715863
169298433175715899
169298433176240129
169298433176240138
169298433176240151
169298433176240157
169298433176240168
169298433176240172
169298433176240189
169298433176240197
169298433176764425
169298433176764435
169298433176764439
169298433176764445
169298433176764452
169298433176764454
169298433176764459
169298433176764470
169298433176764488
169298433176764494
169298433177288707
169298433177288715
169298433177288732
169298433177288766
169298433177288774
169298433177288798
169298433177288809
169298433177288867
169298433177812993
169298433177812999
169298433177813030
169298433178337472
169298433178337489
169298433178337491
169298433178861577
169298433178861675
169298433178861677
169298433178861679
169298433178861686
169298433178861699
169298433179385870
169298433179385874
169298433179385902
169298433179385916
169298433179910153
169298433179910156
169298433179910187
169298433179910196
169298433179910197
169298433179910199
169298433179910232
169298433180434435
169298433180434436
169298433180434449
169298433180434462
169298433180434468
169298433180434476
169298433180434477
169298433180434482
169298433180434483
169298433180434490
169298433180434494
169298433180434496
169298433180958723
169298433180958738
169298433180958742
169298433181483009
169298433181483010
169298433181483018
169298433181483022
169298433181483038
169298433181483040
169298433181483047
169298433181483050
169298433181483053
169298433181483057
169298433181483066
169298433182007311
169298433182007329
169298433182007358
169298433182531599
169298433182531645
169298433182531654
169298433182531655
169298433182531659
169298433182531667
169298433182531702
169298433182531705
169298433183055907
169298433183580161
169298433183580176
169298433183580177
169298433183580181
169298433183580191
169298433183580196
169298433183580200
169298433183580212
169298433183580217
169298433184104484
169298433184104497
169298433184104498
169298433184104513
169298433184104514
169298433184104515
169298433184104517
169298433184104527
169298433184104528
169298433184628746
169298433184628749
169298433184628776
169298433184628946
169298433185153029
169298433185153042
169298433185153043
169298433185153046
169298433185153068
169298433185153076
169298433185153082
169298433185153084
169298433185153085
169298433185153091
169298433185153118
169298433185677374
169298433185677404
169298433185677428
169298433185677436
169298433185677437
169298433185677442
169298433186201602
169298433186201610
169298433186201638
169298433186201648
169298433186201658
169298433186201659
169298433186201675
169298433186725990
169298433186726036
169298433186726472
169298433187250668
169298433187250678
169298433187250731
169298433187250768
169298433187774467
169298433187774474
169298433187774502
169298433187774511
169298433187774658
169298433188298770
169298433188298780
169298433188298783
169298433188298789
169298433188298808
169298433188298819
169298433188298825
169298433188823041
169298433188823569
169298433188823621
169298433188823632
169298433188823642
169298433188823715
169298433189347578
169298433189347580
169298433189347586
169298433189347587
169298433189347591
169298433189347595
169298433189347608
169298433189347635
169298433189871619
169298433189871634
169298433189871646
169298433189871667
169298433189871679
169298433189871714
169298433189871716
169298433190395906
169298433190395916
169298433190396142
169298433190396316
169298433190396331
169298433190396389
169298433190396406
169298433190396478
169298433190396492
169298433190396703
169298433190920193
169298433190920225
169298433190920232
169298433190920237
169298433190920239
169298433190920240
169298433190920250
169298433191444822
169298433191444925
169298433191444929
169298433191444990
169298433191445013
169298433191445020
169298433191445028
169298433191445035
169298433191445062
169298433191445075
169298433193017872
169298433194066911
169298433194067039
169298433194590214
169298433194590227
169298433194590233
169298433194590234
169298433194590240
169298433194590242
169298433194590243
169298433194590247
169298433194590248
169298433194590254
169298433194590264
169298433195114784
169298433195114869
169298433195638983
169298433195639009
169298433196163093
169298433196163096
169298433196163099
169298433196163100
169298433196163105
169298433196163107
169298433196163118
169298433196163126
169298433196163131
169298433196163134
169298433196163136
169298433196163138
169298433196163140
169298433196163170
169298433196163173
169298433196687369
169298433196687381
169298433196687395
169298433196687407
169298433196687420
169298433196687421
169298433197735941
169298433197735947
169298433197735959
169298433197735968
169298433197735983
169298433197735986
169298433197736008
169298433199308808
169298433199309471
169298433199309556
169298433199309601
169298433199309609
169298433199309636
169298433199309694
169298433199833092
169298433199833093
169298433199833101
169298433199833130
169298433199833137
169298433199833157
169298433200357377
169298433200357388
169298433200357400
169298433200357402
169298433200357410
169298433200357412
169298433200357414
169298433200357416
169298433200357423
169298433200357433
169298433200357441
169298433200357442
169298433200881680
169298433200881692
169298433200881705
169298433200881725
169298433200881735
169298433200881741
169298433200881744
169298433201405974
169298433201406006
169298433201406018
169298433201406019
169298433201406023
169298433201406029
169298433201406031
169298433201930254
169298433201930256
169298433201930260
169298433201930269
169298433201930273
169298433201930295
169298433201930301
169298433202454530
169298433202454535
169298433202454547
169298433202454569
169298433202454588
169298433202454593
169298433202454594
169298433202978822
169298433202978823
169298433202978834
169298433202978835
169298433202978850
169298433202978862
169298433202978884
169298433203503117
169298433203503132
169298433203503140
169298433203503182
169298433203503203
169298433204027418
169298433204027419
169298433204027424
169298433204027425
169298433204027444
169298433204551681
169298433204551694
169298433204551696
169298433204551699
169298433204551703
169298433204551706
169298433204551718
169298433204551720
169298433204551722
169298433204551730
169298433204551753
169298433205075969

